version https://git-lfs.github.com/spec/v1
oid sha256:97e60d6a36d8fabe69d40ed990a7723874c46da0cbe6d33681f7c74856af1831
size 32
